1790435858 0 0 0 0 0 15959
1790435863 0 0 0 0 0 15959
1790435868 24 13824 1536 12288 0 18276
1790435873 81 46656 5184 41472 0 26020
1790435878 128 73728 8192 65536 0 32389
1790435883 128 73728 8192 65536 0 32376
1790435888 128 73728 8192 65536 0 32376
1790435893 128 73728 8192 65536 0 32376
1790435898 128 73728 8192 65536 0 32376
1790435903 128 73728 8192 65536 0 32372
1790435908 128 73728 8192 65536 0 32337
1790435913 128 73728 8192 65536 0 32337
1790435918 128 73728 8192 65536 0 32337
1790435923 128 73728 8192 65536 0 32337
1790435929 128 73728 8192 65536 0 32337
1790435934 128 73728 8192 65536 0 32337
1790435939 128 73728 8192 65536 0 32337
1790435944 128 73728 8192 65536 0 32337
1790435949 128 73728 8192 65536 0 32337
1790435954 128 73728 8192 65536 0 32337
1790435959 128 73728 8192 65536 0 32337
1790435964 128 73728 8192 65536 0 32337
1790435969 128 73728 8192 65536 0 32337
1790435974 128 73728 8192 65536 0 32337
1790435979 128 73728 8192 65536 0 32337
1790435984 128 73728 8192 65536 0 32337
1790435989 128 73728 8192 65536 0 32337
1790435994 128 73728 8192 65536 0 32337
1790435999 128 73728 8192 65536 0 32337
1790436004 128 73728 8192 65536 0 32337
1790436009 128 73728 8192 65536 0 32337
1790436014 128 73728 8192 65536 0 32337
1790436019 128 73728 8192 65536 0 32337
1790436024 128 73728 8192 65536 0 32337
1790436029 128 73728 8192 65536 0 32337
1790436034 128 73728 8192 65536 0 32337
1790436039 128 73728 8192 65536 0 32337
1790436045 128 73728 8192 65536 0 32337
1790436050 128 73728 8192 65536 0 32337
1790436055 128 73728 8192 65536 0 32337
1790436060 128 73728 8192 65536 0 32337
1790436065 128 73728 8192 65536 0 32337
1790436070 128 73728 8192 65536 0 32337
1790436075 128 73728 8192 65536 0 32337
1790436080 128 73728 8192 65536 0 32337
1790436085 128 73728 8192 65536 0 32337
1790436090 128 73728 8192 65536 0 32337
1790436095 128 73728 8192 65536 0 32337
1790436100 128 73728 8192 65536 0 32337
1790436105 128 73728 8192 65536 0 32337
1790436110 128 73728 8192 65536 0 32337
1790436115 128 73728 8192 65536 0 32337
1790436120 128 73728 8192 65536 0 32337
1790436125 128 73728 8192 65536 0 32337
1790436130 128 73728 8192 65536 0 32337
1790436135 128 73728 8192 65536 0 32337
1790436140 128 73728 8192 65536 0 32337
1790436145 128 73728 8192 65536 0 32337
1790436150 128 73728 8192 65536 0 32337
1790436155 128 73728 8192 65536 0 32337
1790436161 128 73728 8192 65536 0 32337
1790436166 128 73728 8192 65536 0 32337
1790436171 128 73728 8192 65536 0 32337
1790436176 128 73728 8192 65536 0 32337
1790436181 128 73728 8192 65536 0 32337
1790436186 128 73728 8192 65536 0 32337
1790436191 128 73728 8192 65536 0 32337
1790436196 128 73728 8192 65536 0 25884
1790436201 128 73728 8192 65536 0 25884
1790436206 128 73728 8192 65536 0 25884
1790436211 128 73728 8192 65536 0 25884
1790436216 128 73728 8192 65536 0 25884
1790436221 128 73728 8192 65536 0 25884
1790436226 128 73728 8192 65536 0 25884
1790436231 128 73728 8192 65536 0 25884
1790436236 128 73728 8192 65536 0 25884
1790436241 128 73728 8192 65536 0 25884
1790436246 128 73728 8192 65536 0 25884
1790436251 128 73728 8192 65536 0 25884
1790436256 128 73728 8192 65536 0 25884
1790436261 128 73728 8192 65536 0 25884
1790436266 128 73728 8192 65536 0 25884
1790436271 128 73728 8192 65536 0 25884
1790436277 128 73728 8192 65536 0 25884
1790436282 128 73728 8192 65536 0 25884
1790436287 128 73728 8192 65536 0 25884
1790436292 128 73728 8192 65536 0 25884
1790436297 128 73728 8192 65536 0 25884
1790436302 128 73728 8192 65536 0 25884
1790436307 128 73728 8192 65536 0 25884
1790436312 128 73728 8192 65536 0 25884
1790436317 128 73728 8192 65536 0 25884
1790436322 128 73728 8192 65536 0 25884
1790436327 128 73728 8192 65536 0 25884
1790436332 128 73728 8192 65536 0 25884
1790436337 128 73728 8192 65536 0 25884
1790436342 128 73728 8192 65536 0 25884
1790436347 128 73728 8192 65536 0 25884
1790436352 128 73728 8192 65536 0 25884
1790436357 128 73728 8192 65536 0 25884
1790436362 128 73728 8192 65536 0 25884
1790436367 128 73728 8192 65536 0 25884
1790436372 128 73728 8192 65536 0 25884
1790436377 128 73728 8192 65536 0 25884
1790436382 128 73728 8192 65536 0 25884
1790436387 128 73728 8192 65536 0 25884
1790436392 128 73728 8192 65536 0 25884
1790436398 128 73728 8192 65536 0 25884
1790436403 128 73728 8192 65536 0 25884
1790436408 128 73728 8192 65536 0 25884
1790436413 128 73728 8192 65536 0 25884
1790436418 128 73728 8192 65536 0 25884
1790436423 128 73728 8192 65536 0 25884
1790436428 128 73728 8192 65536 0 25884
1790436433 128 73728 8192 65536 0 25884
1790436438 128 73728 8192 65536 0 25884
1790436443 128 73728 8192 65536 0 25884
1790436448 128 73728 8192 65536 0 25884
1790436453 128 73728 8192 65536 0 25884
1790436458 128 73728 8192 65536 0 25884
1790436463 128 73728 8192 65536 0 25884
1790436468 128 73728 8192 65536 0 25884
1790436473 128 73728 8192 65536 0 25884
1790436478 96 55296 6144 49152 0 23618
1790436483 0 0 0 0 0 15959
1790436488 0 0 0 0 0 15959
1790436493 0 0 0 0 0 15959
1790436498 0 0 0 0 0 15959
1790436503 0 0 0 0 0 15959
1790436508 0 0 0 0 0 15959
1790436514 0 0 0 0 0 15959
1790436519 0 0 0 0 0 15959
