1790429343 0 0 0 0 0 29169
1790429348 0 0 0 0 0 29169
1790429353 0 0 0 0 0 29169
1790429358 0 0 0 0 0 29169
1790429363 58 63104 3712 59392 0 36291
1790429368 96 104448 6144 98304 0 40887
1790429373 139 151232 8896 142336 0 46878
1790429378 166 180608 10624 169984 0 50301
1790429384 203 220864 12992 207872 0 55058
1790429389 234 254592 14976 239616 0 58453
1790429394 257 279616 16448 263168 0 61702
1790429399 263 286144 16832 269312 0 62467
1790429404 275 299200 17600 281600 0 64378
1790429409 294 319872 18816 301056 0 66815
1790429414 305 331840 19520 312320 0 68163
1790429419 317 344896 20288 324608 0 66028
1790429424 334 363392 21376 342016 0 71428
1790429429 362 393856 23168 370688 0 76404
1790429434 382 415616 24448 391168 0 80884
1790429439 409 444992 26176 418816 0 84984
1790429444 423 460224 27072 433152 0 87395
1790429449 448 487424 28672 458752 0 91121
1790429454 464 504832 29696 475136 0 93160
1790429459 483 525504 30912 494592 0 96229
1790429464 496 539648 31744 507904 0 98021
1790429470 506 550528 32384 518144 0 99293
1790429475 525 571200 33600 537600 0 101726
1790429480 540 587520 34560 552960 0 103651
1790429485 540 587520 34560 552960 0 103642
1790429490 540 587520 34560 552960 0 103624
1790429495 540 587520 34560 552960 0 103624
1790429500 540 587520 34560 552960 0 103623
1790429505 540 587520 34560 552960 0 103623
1790429510 540 587520 34560 552960 0 103622
1790429515 540 587520 34560 552960 0 102057
1790429520 540 587520 34560 552960 0 102315
1790429525 540 587520 34560 552960 0 102700
1790429530 489 532032 31296 500736 0 96132
1790429535 340 369920 21760 348160 0 74713
1790429540 168 182784 10752 172032 0 50700
1790429546 1 1088 64 1024 0 29169
1790429551 0 0 0 0 0 29169
