1790438288 0 0 0 0 0 15959
1790438293 0 0 0 0 0 15959
1790438298 16 9216 1024 8192 0 18016
1790438303 77 44352 4928 39424 0 25601
1790438308 136 78336 8704 69632 0 33101
1790438313 191 110016 12224 97792 0 40223
1790438318 228 131328 14592 116736 0 45238
1790438323 273 157248 17472 139776 0 50616
1790438328 299 172224 19136 153088 0 54264
1790438333 313 180288 20032 160256 0 56063
1790438338 331 190656 21184 169472 0 58374
1790438343 347 199872 22208 177664 0 60431
1790438348 358 206208 22912 183296 0 61789
1790438353 375 216000 24000 192000 0 63846
1790438358 394 226944 25216 201728 0 66416
1790438363 400 230400 25600 204800 0 67187
1790438368 420 241920 26880 215040 0 69757
1790438373 445 256320 28480 227840 0 72941
1790438378 478 275328 30592 244736 0 76815
1790438383 503 289728 32192 257536 0 80383
1790438388 528 304128 33792 270336 0 83598
1790438393 540 311040 34560 276480 0 85136
1790438398 540 311040 34560 276480 0 85064
1790438403 540 311040 34560 276480 0 85064
1790438408 540 311040 34560 276480 0 85063
1790438413 540 311040 34560 276480 0 85062
1790438418 540 311040 34560 276480 0 85061
1790438423 540 311040 34560 276480 0 85060
1790438428 540 311040 34560 276480 0 85056
1790438433 540 311040 34560 276480 0 85056
1790438438 524 301824 33536 268288 0 82753
1790438443 352 202752 22528 180224 0 60872
1790438448 205 118080 13120 104960 0 42062
1790438453 60 34560 3840 30720 0 23508
1790438458 0 0 0 0 0 15959
1790438463 0 0 0 0 0 15959
1790438469 0 0 0 0 0 15959
1790438474 0 0 0 0 0 15959
1790438479 0 0 0 0 0 15959
1790438484 0 0 0 0 0 15959
1790438489 0 0 0 0 0 15959
1790438494 0 0 0 0 0 15959
1790438499 0 0 0 0 0 15959
1790438504 0 0 0 0 0 15959
1790438509 0 0 0 0 0 15959
1790438514 0 0 0 0 0 15959
1790438519 0 0 0 0 0 15959
1790438524 0 0 0 0 0 15959
1790438529 0 0 0 0 0 15959
1790438534 0 0 0 0 0 15959
1790438539 0 0 0 0 0 15959
1790438544 22 12672 1408 11264 0 18017
1790438549 84 48384 5376 43008 0 26503
1790438554 141 81216 9024 72192 0 33932
1790438559 197 113472 12608 100864 0 40994
1790438564 232 133632 14848 118784 0 45496
1790438569 269 154944 17216 137728 0 50233
1790438574 294 169344 18816 150528 0 53364
1790438579 310 178560 19840 158720 0 55292
1790438584 329 189504 21056 168448 0 57926
1790438589 342 196992 21888 175104 0 59780
1790438594 358 206208 22912 183296 0 61791
1790438599 374 215424 23936 191488 0 63078
1790438604 392 225792 25088 200704 0 66162
1790438609 405 233280 25920 207360 0 67832
1790438615 423 243648 27072 216576 0 69991
1790438620 446 256896 28544 228352 0 73061
1790438625 481 277056 30784 246272 0 74841
1790438630 506 291456 32384 259072 0 83453
1790438635 532 306432 34048 272384 0 88609
1790438640 540 311040 34560 276480 0 90029
1790438645 540 311040 34560 276480 0 90671
1790438650 540 311040 34560 276480 0 90928
1790438655 540 311040 34560 276480 0 90927
1790438660 540 311040 34560 276480 0 90923
1790438665 540 311040 34560 276480 0 90897
1790438670 540 311040 34560 276480 0 90893
1790438675 540 311040 34560 276480 0 90893
1790438680 540 311040 34560 276480 0 90893
1790438685 516 297216 33024 264192 0 87867
1790438690 343 197568 21952 175616 0 66468
1790438695 178 102528 11392 91136 0 40035
1790438700 50 28800 3200 25600 0 22229
1790438705 0 0 0 0 0 15959
1790438710 0 0 0 0 0 15959
1790438715 0 0 0 0 0 15959
1790438720 0 0 0 0 0 15959
1790438725 0 0 0 0 0 15959
1790438730 0 0 0 0 0 15959
1790438735 0 0 0 0 0 15959
1790438740 0 0 0 0 0 15959
1790438745 0 0 0 0 0 15959
1790438750 0 0 0 0 0 15959
1790438755 0 0 0 0 0 15959
1790438761 0 0 0 0 0 15959
1790438766 0 0 0 0 0 15959
1790438771 0 0 0 0 0 15959
1790438776 0 0 0 0 0 15959
1790438781 0 0 0 0 0 15959
1790438786 0 0 0 0 0 15959
1790438791 0 0 0 0 0 15959
1790438796 0 0 0 0 0 15959
1790438801 0 0 0 0 0 15959
1790438806 0 0 0 0 0 15959
1790438811 0 0 0 0 0 15959
1790438816 0 0 0 0 0 15959
1790438821 0 0 0 0 0 15959
1790438826 0 0 0 0 0 15959
1790438831 0 0 0 0 0 15959
1790438836 0 0 0 0 0 15959
1790438841 0 0 0 0 0 15959
1790438846 0 0 0 0 0 15959
1790438851 0 0 0 0 0 15959
1790438856 0 0 0 0 0 15959
1790438861 0 0 0 0 0 15959
1790438866 0 0 0 0 0 15959
1790438871 0 0 0 0 0 15959
1790438876 0 0 0 0 0 15959
1790438882 0 0 0 0 0 15959
1790438887 0 0 0 0 0 15959
1790438892 0 0 0 0 0 15959
1790438897 0 0 0 0 0 15959
1790438902 0 0 0 0 0 15959
1790438907 0 0 0 0 0 15959
1790438912 0 0 0 0 0 15959
1790438917 0 0 0 0 0 15959
1790438922 0 0 0 0 0 15959
1790438927 48 27648 3072 24576 0 22132
1790438932 111 63936 7104 56832 0 29848
1790438937 172 99072 11008 88064 0 37394
1790438942 219 126144 14016 112128 0 43967
1790438947 250 144000 16000 128000 0 47559
1790438952 289 166464 18496 147968 0 52009
1790438957 305 175680 19520 156160 0 54916
1790438962 322 185472 20608 164864 0 57743
1790438967 341 196416 21824 174592 0 60314
1790438972 353 203328 22592 180736 0 61719
1790438977 360 207360 23040 184320 0 62687
1790438982 377 217152 24128 193024 0 64868
1790438987 396 228096 25344 202752 0 67182
1790438992 415 239040 26560 212480 0 69753
1790438997 439 252864 28096 224768 0 72580
1790439002 459 264384 29376 235008 0 75254
1790439007 484 278784 30976 247808 0 78453
1790439012 512 294912 32768 262144 0 81797
1790439017 540 311040 34560 276480 0 85666
1790439022 540 311040 34560 276480 0 85756
1790439027 540 311040 34560 276480 0 85713
1790439032 540 311040 34560 276480 0 85712
1790439037 540 311040 34560 276480 0 85711
1790439042 540 311040 34560 276480 0 85711
1790439047 540 311040 34560 276480 0 85710
1790439053 540 311040 34560 276480 0 85704
1790439058 540 311040 34560 276480 0 85704
1790439063 540 311040 34560 276480 0 85704
1790439068 485 279360 31040 248320 0 78411
1790439073 313 180288 20032 160256 0 56010
1790439078 168 96768 10752 86016 0 37328
1790439083 51 29376 3264 26112 0 22357
1790439088 0 0 0 0 0 15959
1790439093 0 0 0 0 0 15959
